uerborum 5515555155515. 209 ι

5922637826893981 55.,1,...6,56555155555555551
102, 10, 15 551555 55 5515 em 1. 13, 110,18, 55. 11812, Oros.
’ 73,2,555555555555555555515555,15413,155,18,55’11.551’555555555’-
55555, iqui cum operibus quis 55555 51551555
55555155556, 12, similiter 11, 12, 5515115- 5555115 93, 21· 55 pars.
38, 17, 52, 11, 61, 15, 88, 6, 96, 55151115, 10, poss. 65, 11.
9. 17, 98, 12, ostendam quid con· partitudo 74, 26.
ualuit Oros. 152, 22. parturire 17, 19, 19,1· 53, 26, 98, 3.
5555555111,123,5. 555555, 55 59, 24, 60, 3; 74, 24, 77,
515555 addeum 147 0555. 156, 22 15, 85,1.
otium: 5511 pigrisccntis studium 51, parui 111552-55551 15555 39, 25.
12, -,.536 5515511793
pascha: 5) 5555. 5555 555. paschae (56,
Pacificas 42, 183 79, 5. 27>,58,10, 60,10, 71,1,55555555
paene 0555. 155, 819. 5555551551 57,15, 61, 13, abl:
paenitens 28, 5, 58, 18. pascha 58,17, -
paenitentia 28,2, 141, 22. blaesa 5.,559 21 bis 60, 20, 69,
551515 155515 112, 8. 6, 71, 17, 72, 23. 26, 73, 23,
5511555,151585,11. - « 74,1· 7,718,78, 1826, 79,,7 89,
palpabilitas 0555. 156, 24. 10, (81, 2).
palpitare 54,19. ’ - paschalis 71,13.16.
pandere fidem cathol. 41, 21. passio 44, 13, 58, 1; 61,12,74,17.
papyros 24, 20. 19 , 79, 24 , 102, 6, 142, 20.
par beatis 88, l. 55551155 = 555, 51. 61, 2.
parabola 56, 23, 69,5, 982, 154,,6 55 551 crebro, 55155 16, 19. 28; 75, 6,
parabola 55 parabula 5555 8,17, 88, 20,103,3.
12, 22, 28,,-8 parabule 12,.5 paere 4917, 54,1, 65,8.
paradisus 74,21.5555151555 115,14.
5515155123, 67,12. 555154, 40, 22, 48, 10, 49, 4, 70,
555555 5555 55555555 Met S, 55 55555. 17,71,15,74,1,15 carne 71, 8,
y 5ΙΙ, Η 55 55555. 5. ΙΙΙ. 72,3, 75,3; incernam 39,13.
parcere alicuia alienis 94,.1 5551551515 60, 5, 72, 26.
pardus 8, 26· 9,11. ’ patientiae partas sequi 34, 8.
551555, 515 3151, 9212. 5555155551 51, 8
551515 = 5 parere 104, 23. 55 55515 94, 7.
5515515115 5557,24,21,6, - 34,8, pat marcha 81 11, 153,17.19
. 66, 21, 100, 5, 104, 13, 1115511511 paulatim 91, ’10
exparte w hinc exparte altera 51, pauci 52, 25, 53, 23, 55. parui.
8sqq.; ex alia parte w ex alia 99, 1. par 35, 58. 10, 40, 3. 7. 12. 19 , 45,16.
particeps 83, 17. peccamen 15, 12, 93, 22, 95, 17, 96, 25.
participiorum 5551 nimis 15551555 peccare 4, 6, 39, 6; 47,14, 62,12,
Ρ5555.,5515534,19555., 38, 95115 33, 13. 22, 33, 6, 96, 8, 97, 17.
53, 16555, 65, {³sqq.; 71, 14sqq.; peccator 83, 14. 22.
73, l9sqq.; 76, 27555, 82, 3sqq.; peccatum 5, 4, 7, 9, 43, 7, 44, 5, 45,
97, 1555, 98, 2-8, -55555555515 6. 7, 60, 16 , 66, 15, 71, 8, 73, 14 3
55155555 absoluti, uelat: dicente 74,10;82, 12, 83, 9, 85,15; 88,
Moyse (Petro, apostolo, profeta, 11.15,97,12.13,100,3.12.13.17.
sim.) 516, 6, 21. 23, 7, 21, 222, peculiariter 2214, 51,13.
24, 21, 27, 22, 31, 15, 34, 6, 38, pecus, oris 71, 19 , 72, 9. 25, 76, 19,
19. 22, 47, 4, 49, 10, 50, 15, 55, 77, 713, pecorum formae 71, 4,
11, 57, 7. 8, 58, 3, 59, 2151, dc· 72, 23, pecoris 55 55551115 corr.
5555523, 14, 97, 15, - quoniam 79, 15.
multis mansionibus positis 36, 5, 55555 5511. pinna.

-555555111555555515555555 55555- 5555555551515, 55155 4, 17, 6,10, 9,
551155155555 5555555.555.59,22, 28,12,5,14,8;15,2,ω71,23, ι

5511155555. 14

 

