194 15655

edicere 11, 13, 32, 5, 45, 25, 50, 15. 55551317, 428, 46, 25, 75,12;

editio Oros. 155, 9. tertio 1555 positum 5, 22, 8, 5,

editus (car aedi 55 5555149 17, 20, t15 3ι235294 60, 18, 64, 6, 84, l.
74, 23 em

edocere 46, 4, 40, 8, 63, 6, 69, 5, 55 quod cs. quod
96,;2 5655555813, 6217, 972. episcopus=papa34,;-2 -40, 1,41,

educatio 631. 2.,25 43,1,129,1.

educere 85,13, 104,18. epistula (nusquam epistola) 35, 22,

efficere 5, 24. 41, 5. 9, 42, 18, 43, 5, 45, 3, 55,

efficientia, ae 69, 7. 15. 16. 18, 111, 213.

effulgere 110,14. eradicare 10 2

5115515 79,18. 555555 tsublimure 105, 2

5555515151. aegere. eremus: in eremo 61, 9, 55555553)

egredi Oros. 152, 12. 60,11 ¹

515555 5. abl. 25, 20, 5 templo (erut ergo (555. 1555 poa.) 13, 20, 28, 24,

51551311037126319, 23, 20, 23, 35, 4, 555511551115145551531111513132311983151
112, 7. Koffmanc, Karcheul. p.91);-28, 26.

electio 40, 27, 94,7. error 4, 6, 6, 16, 7, 8, 14, 18, 17, 17,

5155555 32, 3; 35, 4, 39, 14, 52, 20, 49,,8 57, 11,·58, 15, 79, 23, 831,
62, 17, 825, 84, 25, 87,,6 101, 95 17 104,3, Oros 1512
810, 10416. 55565555554,18,116,,9 85, 7· 88, 18,

eleemosyna: 511155515551348, elemo- ( 1515555155 ea 5556155. corr..)
aynae, arum 91, 9, elemosyna, ue eru re 23, 15, 67,23, 97, 11.
134,18(51)155151515555151 plur). eruditio4,10; 28, 25, 44, 4, 48, 1,

5151551558, 1 823· 85, 14,101,4

5155551511551555.5561555158.

, elementarius Oros. 157, 4. eruginare 17, 13.

ἱ

elidere 11, 8. erugo 17, 7. 13.
eligere 17 15, 39, 14, 48, 15. 18, 130, erumpere 98,.5
12, 515,55535,4,87,13. 555555551551555,1515555555555556684,
5111551555515511551515, dehuiuamodi iu offensionem 66,15; intestimo-
8,2,l 77, 9, 15 huiusmodi27, 12· nium 17, l3; ι5555515ιο515 80, 17,
76,14, 551555555555565 4719, 99, - 5511 --551ο 52, 25. ·
10, Η51555 rnregnorum 478 (c cera esurire 66, 17.
8611115111515151555 55 uice hri· 555555155155, etwet (piaclaae pe-uerepe
sto93,3; uerborum: 36, 21, 5·6,,7 1115551193 28,16; 338, 44, 15·
67, 3, 70, 3 14 51,51. aeneum, 49, 26, 53, 21. 2251, 5535115555
dextera, decima, 155515555 ‚·quadra 15, 20. 22; ·23, 22, 33, 4, ·ω84, 12,
geusiruae. 85,,3 937, 96, 13, cf. 5155555, -
51555 ιο 48, 13. etcutperluuu’mulr: 8, 16, ’84, 16
515515555217.(5141,11,67,21,75,3).
cloqui6,10. 17, 70,,7 927. etenim 4,2.
515551554221, 51, 12. 15, 60, 20, etiam 555515555551516, 1425, 7,,4
83, 18, 94, 21, -Oroc 157,15. 9,28,11,26,39,19,551555 nuuc
emedullare 27,5 312.
emendare ad 109, 8,- 1528 etiamsi, semper 5. 5551(9,28), 147,
emendatio 88,12. 30,19; 367, 54,11.
55555528,3515155551551155,15 ipsc tractaremus
emerita uirtus 46,6. exordio: 3, 3(-)-3, 75555515),
emissus105,18. 34, 3 (·1-34, 811551), 573· 62,,4
emundatio 79, 12. (cf. 11555586, 4),.51151. 8, 13,·34113
enarrare 98,8 35, 824, 5217, 57,,3 323, (60,
enim saepissime, 551514, 8. 11. 14, 13,)955115151), 61, 11, 624· ·7,;27
566171985919555 7345551133102145555

 

