uerborum 61 locutionum. 211

scrutari: scrutate 47, 25, 51,13. 661 psalmi) 6661 apostolicum -

6611116161 45, 24 ; 75,10. alsilcquium sermonum 34,19

6661616 154, 6. 6611666611 26, 15.

6661611161 4, 4, 54, 3, 86, 12, 87, 14. 661611666 24,17.

666166 39, 4. 7. 10, 41, 3, 48, 17 , 56, serpens 8‚l;l0,18; 18,8, 38, 25, 84, 2.
14, 131, 20. 66111616 51, 22, 57, 7, 62,11, 64,17,

6661611 4, 4; 23, 7, 65, 26, 93, 23. 76, 3.

sectator 0666. 155, 9. seruire 1912, 48, 21, 57,16, 82, 16.

secuudum 6, 11, 8, 7, 15,4; 20, 1. 2. 4, 6611111116 88, 15; 104, 17.
22,10;24,19.20; 30,13, 32,,4 6616116 399 5625, 85,3.
36,9.10,39,14,42,961-66-66113012066356 95,.2
cundum quod 15, 24· 17, 18, 24, sexuum diuersitas 133,4.

20; 42,16,- secundumcame 75,2 61 saepissime, 661616)6. iad. 6,15,
sed cpp 32, 4, 60, 13,1(1,17 2).11,.,116 1413 18, 1928, =aam

sccundus 67, 20, 88,;3 894. 44, 10,- -b).c 6666. 7, 4, 22, 15,

6661116633 4,14. 40,5; 6666666666 61753 8,abi

sed saepissime, 6666618,18,11,3,6616616666611.6166666182,1761
14, 13, 26, 12 13. 16016, 28,;1 6611 99, 22· 61 6111661 30,1,6 616 6616
6123, 22, 33,,4 55, 10, 96, 23, sed 40. 15, 61. nisi.

611616 24 5, 61 1007· - 6161 ω 616 saepissime, 6661661 11, 15· 15, 22,

sed 20, 26618131), 140,13, - 31,10, 3110, 40, 27, ω 103, 8,

sed magis 41, 19. 104, 4; 616 6150, 12, 55,10; 84,
sedere 39, 24, 74,16. 1261, 61. sicque, denique.

sedis apostalicae gloria 34,11. 6166116 61, 5.

seductio 19, 3. sicque 54, 23 (1), 65, 5, 79, 6 , 99, 10 ,

segregare 39,27; 65,10; 93,15. 102,3, 1047, eod. sique 55, 20,

6661617, 13, 58, 18, 1011. sicquae 67, 23.

semeutsrrcnum71,5; -4'6‚ 15, 119, 22. 61661 (160 locist 616 scriptam, scd si-

· 6661166161 154,8. 6111159, 5). 3, 13,5, 14· 6,;5 8,.9

semper 7,;8 21, 21, 34,,8 35, 14. 25, 1561· ,666666666116661 661661 1821,
4124, 31,11,63,12,12,1,92,6. 9,,2 10, 917.21,93,7· 616666616-

senior 3411, 42, 24. · Δ tissima 6611616616, 6166166111111116

666661661616116100,1966166611 10,,4 11, 35, 1223,

sensibilitas 104, 23. 13, 24.

33111311311363113133311631 11111111111311366 aa
1061, 16666666 57,10, 587, signatura 48, 23.

uenerabiles sensus: aeaerabilit 166 significat 10 69, 7.

42, 15. signum (= Wimder) 63, 3.

66616611630, 11; 41, 23, 42, 14 , 45, 611116 15, 1, 24, 20, 105, 3.

12, 41, 2, 51, 21, 51, 14, 16, 27 , similis 6. aar. 16, 27. 28, 18, 20, 23, 8,
104, 4. (5, 15, 8, 26, 9, 8, 1911, 2125,

66611169 28, 18 28 28,14, 42, 219, 632. 25, 11. 16. 20 , 6627, 81, 16), 97,

separare143,2. 19, 111,.1

septa, crum: saepta 26, 20. 6116111161 61, 3, 93,.3

septem 8, 25, 18,7, 25, 22, 81,2. similitudo 1,3, 15,;7 18, 19, 65, 23·

septimana ,16116616 681. 66,,1 83, 20.

sequaciter 111, 6 simplex 76,16; 87, 19, 99, 18.

sequi 7, 26; 23,17, 34, 8, 35, 5, 36, 8, simplicitas 39, 17.

45, 15 , 47, 27, 48, 16. 21, 83, 16, (6166116166 45, 12.)
98, 17, 100, 19. 61666166 81, 4.

661166 saepissime, 666161 12 5 21, 21, 6111671, 22. 23, 814 139,,5 15211166.
22,11,29,1.5, 31,9.11,60,616111116, 10· 23,9,18,28,33,2,
20,104,19105,1, 1062, saepe 38,,4 46,8; 48, 20; 65, 9· 72,5;
6616616616616116116661116611616161161,04 13, 61. 11661 quisque

 

