. 184 Index

aestimare 29, 2, 63, 26, 78, 7. unus aduersus altarum pro alio 23,
aestimator sterilis 54, l. 12 (= 1. Gor. 4, 6); - ex alia parte
5515588,Ιο «51511599, 1. - alius pro alter
aeternale captiuum 25, 10. Oros. 155, 5. 6.

aeternitas 69, 7, 74, 26. 5115 151 120, 7.

5515111115 42, 25, 62, 12, 63, 12, 75, 17 , altare, is 47, 7, 5115115111, ii 52, 5, 135,

78, 22. 21, 5115115 47, 8.
aeuum 88,11. altercari 96, 4.
aff. . .. cf. ads . . .! 5115155115 37,19.
agere 28, 5, 41, 6, 45, 13, 55, 21 ; 511511, pl. 4, 6, 46, 7, 511511ω511511

61, 3, 67, 19, 31, 3, 87,2, 93, 20, 60, 8. 9, 66, 14. 15, cf. alius.

95, 20, 103, 8. alteruter 9, 5, 6511, 76, 12.
aaa... cf. 5115....1 55151536,3,46,16, 63,11.
agmen Oros.151,14. ambigere 45, 9.
agnitio 67, 19; 87,12.13; 97,12; 99,4; ambitio 61, 11; 94, 17, 96, 9.

100, 17 ; 105, 3. 5111551515 18, 18, 64, 23, 66, 16, 73,
agnoscentis, 55 103, 7. 22, 79, 25, 87, 2, 105, 23, 142,11,
agnoscere 4, 14; 66, 20, 70, 6, 75, 21 , 15 111115 19, 25.

82, 18,(11111115115511115195, 15, 96, 5111151115 62, 15.

27 , 99, 23, 100, 318, 105,19,·- amicus, 5. gea. 57, 6 (corr. 55 551.),

5555555555511. 10, 6, ex agnose. 99, 14, 51151. 94, 14 (1), 104, 10.

77, 20. 5111111515 39, 8, 101, 10.
agnus 71, 17 , 79, 1. 6. 24. amor 36, 1, 49, 515.

515 saepissime, 55151 5, 18, 6, 5, 8, amplecti 30, 15, 46, 26.

9. 22, 9, 3, 10, 29. 17. 22 , ’ν 96, amplexus, 115 75, 17.

13. 17. 19, 97, 21, 98, 8. ampliare 23, 2.
alibi saepissime (praemittitur crebro amplius 35, 2.

’5111 5, 14; 6, 21. 24, 8, 23, 11, 55 41,14; 44, 20, 95, 4, of. 551.

5. 18, 11, 21, 14, 3, 15, 22, 19,17, 5555515555555151513,7-4,2;5,16555,

25, 5, 26, 18, 27, 14. 20. 22. 24, m 6,11sqq.; 28, 3 55,, 30, 11 555, 41,

84, 9. 17. 20, 86, 10. 11, 55, 22sqq.; 6395005 75, 3, 79,
alienatus 5 deo 95, 5. 1, 51,, of. awdonaa aara'ata'e.
alienigenos 93,19; 101, 7. anaphoras 55551515, 6, 14, 8, 4, 15,
alienus 58, 16, 93, 23, 99, 22, 101, 26, 24, 11 sqq, 24, 18-25, 4,

9.12; 192,11; 5. dot. 97, 16, ab 25, 24 55,, 26, 11 sqq.; 27, 26 55,,

99, 9. 29, 16-39, 4, 35,16899-3 39, 22,
alimentum 44, 4. 42151955,51,16.20,54,16.25,
aliquando 27, 26, 46, 3, Oros. 152, 7, 55, 3, 60, 18, 61, 2. 7, 66, 15 sqq,

15619. 51,, - 015515211.
aliquanti = aliquot, Oros. 151,10. anathema 6, 19, 17, 29, 22,1.4. 13,
51151115 34, 9, 45, 18, 47,18; 6515, 23, 4, 24, 4, 30, 20. 21, 42, 6,

95, 19 , 111 aliquid existere 92, 6, 52,1, 56, 26, -5115111151514,14,

quintum 51155515551155115513122, anathema 7, 23. 26, 5511515515

= 55155555, 104, 7. 21, 21.
aliquotiens 35, 14. 5551511515 11, 22.

· aliter 9, 28 , 12, 7, 28, 14. angelus 39, 12. 19, 31, 7. 8. 12. 1415
aliunde 71, 22. bis. 19, 75, 7, 81, 12, 104,11,
alius: 55515. aliut 7, 16, 18, 5, 22, 3, Oros. 153, 16.

29, 12, 51, 9, 58, 1251, aliud 7,12, angularis 24, 12, 66, 8.

31, 11, 42, 18, 48,15; 58,12. - angustiae 58, 7; 94, 24.

511515151574, 10; - unum »v 555551559015.

aliut98, 19; aliudm aliud48,15; 5111155 36, 2, 54, 16, 70, 12. 18, 71,

74,10, 75, 1, 9518, 5111 nostrum 21 ; 72, 13, 74, 9, 76, 4, 78, 11 ,

w alii 35, 3. 4, 79, 19, 5111, alii, 87,15; 104,9.18;animabus105,11.

alii 63, 111225, 51151 5111111192, 8, l animaduertere 65, 1.

Ἰ ,

 

