ffiwuaumffihffl
mma]
aamtwssmamu;
fficwmuffidmcffim
canucffmauc
assumamus
asseuerante

beru 1) 40,17; 41,15, 59,19
ba additur 1) 4,15

θ) additur 1) 30, 5, cf. 8,18

cu additur 1) 53, 24, 81, 1, 91, 3

c additur 1) 67, 8, 84,4
2) 32,16, 55, 20, 91,6

c deletur 1) (18‚l5); 78,12; [100, 14]
2) 61, 7

ce additur 1) 88, 23

cmmuccsae
swam-amu

Mmmuuaaaaa;
&Q
Mnaseus
amu
teuumecacmsu

&emmau

ε additur 1) 20, 23, 48,18,72,25,
83, 9; [78, 23]
“ 2) 101, 25

ε dclctur 1) (38, 5), 54,1
2) 56,10, 78, 20
eexa 1) 24, 3, [70,11?]
2),21, 21, 56, 19
ecx ΑΕ 1) 4,9,28, 11, 60,6; 62,4,
70, 20, 83,10, 95, 24, 97, 18,
101, 3. 25 , [4, 14, 69, 87]
2) 54,15,59, 20,67, 23, 74,20

ε ax ι (cum librarius in textu semper
unciali quae dicitur forma utatur
ε, iu his correcturis saepissime
capitalis forma ε apparet ita, ut
ad ttcnucs lineolae appictac sint)
1) 4, 5, 7, 8, 23, 3, 28, 21, 29, 5,
32, 14, 34, 3, 47, 4, 48, 18, 57,

XXI

1516, 62, 3, 64, 9, 65, 6(1). 7,
66, 9, 71, 8, 72,2, 73, 22, 77, 1,
83, 11, 84, 3, 85, 4. 7, 8818,
90, 6, 92, 3. 17, 93, 19, 94, 10. A
23, 95, 7. 12, 96, 11. 25, 98, 17 ,
100, 9. 10, 103, 8, [4, 19 , 24,17,
70, 8, 93, 20]

2) 4,18, 14, 14, 15, 20, 18,
30. 31 043,- 23, 3, 33,·12, 42, 14.
15 bae, 45, 11. 22 (1), 49, 3, 51,
20, 55, 24, 57, 14, 64, 8, 75, 15.
18, 79, 2, 81, 16, 83, 21, 85, 3,
88, 7, 94, 22, 100, 6, 103, 11

earo 1) 58,7; 71, 7, 85,8,88,21

sexu 1) 24, 11, 78, 20, (84, 16)
εκ additur 1) (60, 5), 93,3
CR deletur 1) 28,6

est additur 1) 30, 4, 64, 18, 79, 2,
87, 8
§St deletur 1) 56, 12
ετ additur 1) 20, 14,26,11, 29, 15,
71,19, 72, 8, 74, 9, 90,12, 98,
23, cf. 104,8
2) 44, 2, 60,5, 65, 27

ετ deletur 1) 77,16, 83, 3. 25
2) 30, 15

aumuacffiam
ee additur 1) 70‚8
mmmcaacuc
bmmuuw

Ι additur 1) 8,13, 19, 18 , (23, 24) ,
32, 15, (55, 23), 58, 4, 62, 13,
67,1. 13, 71, 4, 72, 7, 74, 25,
(77, 5) , 83, 6. 23, 88, 2

2) 42, 22, 60, 8

1 dcl. 1) 7, 2, 15, 12, 21, 10, 26, 25,
36, 23, 54,1, 56,7; 57,ll; 58,4,
62,14, 71,8; 77,10,(80,12),83,1,
88, 17 ; 91, 3. scas. 5, 95, 4, 96, 25

tax Α 1) 66, 15, 76,9, 94, 20, 95,4,
99, 20

2) 51, 25

 

