XXII

1 ex ε 1) 13, 10, 14, 13. 22, 31, 30,
33, 9, 46, 19, 55, 22 (7), 59, 3. 10,
65,9, 66,6, 71,21, 73,14, 81,7;
83,14. 18, 84, 2. 13. 14. 25, 85,7,
88, 7, 89, 2, 98, 5, 9914, 103,
11. 13, [4, 18, 23, 23]

2) 9, 26, 12, 5, 25,2, 27, 27,
28, 26, 31, 13, 35, 4, 40, 26 , 42,
415, 45, 3, 52,20, 60,12;61,16;
67,23,72,1,85,11,92,4,93,1.11;
97,9, 98, 5. 20, 100, 2. 13, 101,8

1510 1) 43, 9, 57, 6, 77, 5, [94,
14, 101, 21]
flexu 1) 19, 17, 23, 20, 42, 14,
596, 85, 6, 9923, 104,10
2) 102,17
ΙΝ add. 1) 21,13, 30, 21, 37, 19,
90, 6, 93, 19 ; 95, 25
2) 297, 30, 22, 40, 27, 82,
4, 87,17, 93,1
ΙΝ del. 1) 42, 12, 53, 16. 26, 80,4
2) 696, 61,1, 62, 12, 79, 20,
of. 95, 1
15 566. 1) 81, 7, cf. 28, 24, 87, 19

ΒΜῌΜῺ
9555551

l 651. 1) 5,10, 95, 6
555
55555554

(1) add. 1) 28,13, 40,14, (53, 25),
63, 12, 72, 6, 92, 14
2) 5, 9, 25, 22, 27, 21015,
41,20, 52,4, 88,7, 96,19
(1) del. 1) 5, 9, 56, 7, 59,18; 87,
19; 88, 7, 93, 21, 98, 6, [35, 19]
(ἵ) 515 1) 57,14, 517512
2) 74,1
Ν 566. 1) 21, 15, 6321618, 64,15,
73, 22, 87,11, 95, 1,103, 12,
[9, 17 , 26, 11]

Ν del. 1) 1925, 9911
2) 4512, 54,10

Ν 510 1) 63, 21

Ν5151)84,12;51.58,3
Ν ext 1) 6921

ΝΕ add. 1) 101, 12
2) cf. 95, 1, (100, 17)
o add. 1) 72, 2, 87, 17 , cf. 75,10

o del. 1) 77, 5, 93, 5, 94, 20
oex Α 1) 71,18; cf. 74,1
o ex ε 1) 6913, 7916, 84,25,87,3

oexl 1) 6, 10, 54, 6, 58, 20, 81, 13
2) 72,9
οθιυ 1) 91317, 12, 22, 2922,
28, 8, 41, 23, 433, 53, 21, 59,
12, 60, 22, 61, l. 16, 77, 20,
80, 7, 88, 24, 94,7
2) 76, 24, 94, 23
p add. 1) 35,14, 75,1, 792

R 566. 1) 14, 9, 73, 19; 97, 11, 98,4
2) 62,10

14510 1) 7915

R ex Ν 1) 35,14; 74, 23
Rexs 1) 43, 8, 77, 25
Rext 1),- 2) 7925

Re add. 1) 4,15, 3527, 40,15,87,4
2) 35, 4. 24, 101, 12
Re del. 1) 74,14
2) 88, 5 .
S add.1)18,15; 22, 13,52,12, 68, 9,
71,4,73,13, 77, 5, 84, 3, [14, 8],
- s in fine uocabuli in rasura
43,8, 6913, 95‚19; 97,24, 98,2;
100, 19
2) 67, 21, 7914
S del. 1) 3, 9, 53, 16, 75, 12, 88,
819, 997, 959, 102,1
2) 37, 20, 66, 20

wmvffil
3555955595

SexR 1) 12, 11
2) 79, 20 , 104, 24

8011 1) 43,1, 65,12, 91,2
se add. 1) (32, 9), 5914, 691

 

