uerborum 96 locutionum. 211

,93919 (9 ,98316331 saepissime 7,1, praeceptum,i 45, 25 , 54, 28, 55, 24,
4,

9,15, 1 26,6,35,21,38,15, 57, 6, 6914, 62,3, 63,4, 65, 16,
45,;14 51,15,,,,;5217558 66,,,,,,167919712977,,,687
561, 65, 22, 66, 18, 67, 29, 79, 14, 96, 22, 192,,2 194, 19. 29.
4963, 82, 7. 11, 87, 7, 88, 8, praeces 41, 15, ,19993 49 28 ,91, ,139-

91, 4, 95, 13,98, 19 21, 102, 12. 9911, depraecari
15;19,·39 psalmus 13 doct' 6113331 praecidere- delere, Qros. 155,11.
,931633 95, 12. praecingere 896· ,,13991396 tilumbos 69.

populus, saepe 99191. 191, 49, 16, 61, praecipere ne 35 23, 58, 12, 9691. 91,.7
4.,6 63,,2 72, 22, 84, 25, 91, 11, ,39991,1613318,.9
98,7.11963 12,19,1 12, 192, praecludere 54,15.

18, 999,13,. corr. 60, 22, 88, 4, ,1999311919 65,11.
94, 7. praedestinare 32, 2.

,916919 iudicium 28,14; 63319913 29,5. praedicare 30, 13, 33, 2, 41, 26, 45,

,91633 4,14, 57,13. 12, 51,19, 62, 3, 191,2, 192,13.

,939919 4,1, 71, 5. ,1991199619 52, 9, 67, 22.

posse, (saepe non ,93391 11, 1963, ,1991319633 29,9.

18, 5, 22, 15 , 33, 2, 3513, 38,8, ,13919119 31111 391393 39396313 3919.
40, 21; 41, 19, 42, 1. 22 , 48, 13, praemittere 71,14.

14, 52,11. 16, 53, 15, 61, 12, 64, praemium 59, 23, 86, 8.

29, 75,11; 82, 15 ; 85, 16, 99, 3, ,1993316333 5413.

104,16; 195, 5, 393 ,93333133 42, ,13933361919 54, 21.

19, 47,16, 49, 39, 69,17, 199, 4. praeparare 48, 11, 61, 12, 6515, 78,
393 possum 47, 26. 18, 89, 9, 82,19.

possibilis 74,17, 89,13. praeparatio 58, 9, 71,16.

,93311919 34, 3, 65, 18, 82, 12, 98, praepetes transitus auium 54,17, 91.
22,191,16,153,18. Ρ199199, 11991991. 535.

,936 9. 999. 39, 25, 49, 24, 44, 13, praepositiones osoopaotor, 996 perr.
45, 7, 52, 15, 54, 29, 61, 8, 74, 91936199919311961,1319914,
23, 92, 9, 93, 11, 97, 13, ,936 pr055, 29· (66, 22); 31, 9919999999.
Β911313911919, 13· pos tuoluntat 69693 919113 29, 25,- -919999361699991
11929, 8 insolitus 9393, 919, absque, cum,

post: pos 99 12, 4· 65, 24; 77, 12; pro 9 999, intra, per, secundum
78,19, 93,14. 9.,991 91 99913 99699 ‘silisis

,93699 63,2, 194, 23. &electissimorum ins¹candum

posterior 61, 6, postremus 93, 13. ,199,93169611913139 domino omniurii

' posteritas 53, 20. rerum 65, 22.

posthaec 963 199. 9691, 5,l3.20; 21, 15, ,19913,63, orum 91, 6.

38, 2, 49,13, 67, 2. 6, 194, 17. praescientia 54, 18.

postis 79,14.21. ,1393933 49, 12. 14, 54, 19, 59, 22,

,9363191941,12, 71, 17 (9966919999), 99, 18, - 199619 72, 21, 89, 5. 17,
7819, 79,12. - praesentia, um 62, 5.

,96319 22, 5. 9. ,1393936919 66, 3.

potens 17, 26; 28, 9, 69, 21, 78,19. ,1993916131 9313 40, 9.

potentia 27,17. praesidium baptismatis 7,17.

potestas 34,17, 35, 7, 37, 23, 6211, praestantior 194, 1.

63, 27, 65514, 66, 29, 75, 7. 17, praestare 5, 5; 42, 23, 64, 15, 89, 1,
789, es,11.95‚;5 194, 25· 169132, 69161,,1

potius,4 11, 34, 4. 9, 49, 12. 14. ,19936 611133 558
18,45,111,48, 21, 53, 3. 6, 77, praesumere 65, 24; 71, 22, praesumpta
24; 97, 12;— —potissimum 35, 22 accusatione 39, 21, incauta prae-

praebere 61, 6, 64, 16. 3331919 46, 9.

praecantat 624,1ο 1. praesumptio 16, 12.

praecari 88,12,91.19,1999311.,13969199199969115129931316,

,1999919197611711 16· 67,1. 2.

14*

8
6,

 

