222 Index

uictrix militia 95, 22. ) 73, 7. 16, 77, 8, 81, 4, 83,14, 84,

uidens = entes 50, 253 51, 7. 22, 95, 20, 06, 826, 98, 12, 102,

uidere 3, 6, 40, 12, 44, 10. 15, 54,10, 13, uitiorum bella 92, 11; 96, 22,
63, 0, 84, 25, 93, 16, 9516, 11 morum uitia 12, 23, mores (eod.
canonem 50,2 (sed in canone 50, mors) uitiorum 15,13.

11), omne quod uidetur = 01101- uitulus 10, 22; 11, 2.

bilia 26,5; 64,12; ea quae uidentur uiuere 14. 8, 15, 26, 19, 2, 28, 26,
78,5, ef. 79, 20 (et 70, 3. 14), uideri 35, 26, 39, 17, 41, 21, 71, 21, 78,
3,11,47,12, 49, 21, 52, 23, 87, 25, 81, 6, 82, 6, 9310. ·
17, 104, l. uiuus 6, 21, 34, 20, 104, 18.

uiduare 43, 13. uix 52, 21.

uigiliae 80, 10. ullus 23, 23; 91, 5, 104, 6.

uineere 49,17.19, 60, 7, 61, 10, 65, ultio 45,12.

27, 77,24, 78, 13161821, 92, 11110 53, 4, 74,16, 97, 5, 147, 7,
814, 9023, 101, 24. 26, 102, 9, 01111010. s. 101. Lex. IV, 377.
—- uictus 20, 24, 60, 13, ex 11101. ululare 17, 9.

0011, 19,25, 1111011019), in eaquae umquam 56, 2.

uidentur 011110 homo uineltur? 1111039,22010,56,20,87,15,93,2,
(1111011112) 78, 5, sed 11 quibus 101, 16.

homo 11101111101101] unguentum maledieti 24, 2.

uineulum 24, 223 44,14. unicornis 24,12; 27, 3.

uindicta 10,20, 51,14, 10111, 14619. unicus 57, 13, 928 = 9413 = 104, 3.

uinea 66,18. unio Oros. 15419.

uipera 23, 8. unitus 7, 16, 18, 30, 34, 17, 102,

111 = 11011100 19,6, 20,14.20; 28, 21, 17 1110, inopus 103, 19, 11 uirtute
religiosus 40, 9, spectabilis 41, 2. 000 11 uirtutem 0011. 5, 9.

111010 85, 11. uniuersus 65, 8, 71, 23 , 73, 16, 75, 9,

uirginalis 53, 25; 73, 13, 77,13. 96, 223 101, 22.

uirginitas 74, 25, 101,10. unumquid 77, 6, 105,1.

uirgo 27, 24, 36, 17. 18, 59, 24, 74, 1110 saepissime, uelut 3,10, 5, 6,
22. 23, 101, 25, 154, 15. 7, 6. 9. 10, saepe apud ’1010300101

111110 5,9, 27,16;44,9;46, 7, 65,7; 5, 7. 17, 7, 5. 10, 34, 17, 35, 10,
67, 12, 69, 4, 94, 22, 103, 16, 36, 14, 37, 23, 49, 3. 10, 6211,
104, 12. 66, 2101, 10010 unius rei 66, 14,

1111111100110 104, 12. 111 101 45, 20 (opp. nullae, solae);

11110883. 111οω01101 51, 801 ., 111οω

uis 28, 26. alius 98,19; 111οω011ομ 01110

1100010 54, 21, 98, 5, 12316. 23,12, - haee 1110 11 unum 0111

nisibilis 611113, 70, 3, 86, 12, 94, 6, 6, h. 11. unum 0111 6, 8, ef.

nisibilitas 103, 7. unusquisque 13, 21, 66, 6, 97, 6, 111, “

nisio 9, 15, 50,13. 4. 15; 112, 6, 128, 18, 145, 3,

uisus oculorum 101, 9, 104, 24. ef. unumquid.

1110 3, 3, 4, 12, 5, 3. 24, 7, 19, 15,26, 1000108,7,41, 5,73,1,78,25,100,6,
18, 29, 3312, 3411, 35, 4. 6. 13. 1000110 4, 10 ; quis 10001 per 00
18. 21. 27, 39, 15 ; 40, 2, 43, 10, nocitum (efle.9.Hom. 0293 τί με
44, 11, 45, 24, 54, 21, 55, 23, σπεύδοντα καὶ αυτὸν ὀτρύνεις;) 82, 13,
57, 4, 63,1, 65,12, 75, 8, 83, 2. 1000110 diuersa 3012 et 103, 12,
1016, 85,12; 88, 9. 21 ; 90, 19, 1010111ἰο 8,10; 10, 5.

91, 9, 921016, 93,11, 95, 5, uolueer 76, 19, 9011. pl. uolnerum
9090111, 101, 5, 102,15; 104,15. 9, 23, 76, 26.

111010 9, 16, 100, 3. uoluntarium opus 78, 10, 1011010111-

11110 (001010), 111111 ee uitem 0011. teria 67,14, paupertas 125,18.
14, 22; - 66, 10. 10111100 24, 8, 48,15, 54, 27, 55,

uitium 18,20, 30,14; 60, 2, 70, 14, 20, 64, 16, 65, 28, 70, 13, 89,

’ἱ

 

