216 Index

111135, 1613924140, 15 bis; 42, 19; salus 4, 11 1 5, 5; 34, 181 58, 181 66,181
43, 31 53, 1. 71, 151 73, 21 74, 12183121 85, 2.
rex est in omne quod uidetur 26, 51 salutaris 37, 81 58, 21.
- 10213. . 111111 33,111 3816.
n'dcre stultitias saeculares 14,11. sanctificare 18,17; 100, 201 101, 23.
11311111113111193130101111522. sanctificatio 18,1.
11111 14, 17. 1111111111 Oros. 151, 51 157, 10.
rixa 21, 4; 63171 96, 20; 111159, 2. 1111111 11, 212261 16, 11 30, 19;
rogare: qualiter, roge, ω culpabiles 41, 161 45,201 46, 16. 25. 26. 291 50,
snmus? 52, 251 de uita mortuos 9.12190,151 100,22;101‚5;103,3;
rogant 54, 22. 105, 11; - 153, 141 cf. iad. rerum.
111 Oros. 157,15. sanguis 47, 11. 24; 51,14; 77, 7.14;
1111 geniturae 26, 21. 79, 18. 24; 81, 6.
rudimenta prima acceptae fidei 13, 14. sapiens 65, 16.
rudis 45, 61 87,18. sapientia 14, 9; 17, 20; 18, 31 54, 231
ruere in alqm 41, 4. 75, 61 78,101 - 15211.
111111111111311111.
rursus 48,.1 1111111118,15199,5, 131,20.
1111111159, 1819.
811111ἰί111(11111111),1111111[.1.Π. satietas 11, 15.
(ΙΙΙ). 1111525·71,18.
11111111111111111166,2 111111111451 33,7
sabbatum 65, 22; 68,.8 1111112114.
111111111215.1111112210.
11111111(ι-1111111111)3,6112201 scaenae ludibria 45,14
14,5; 33. 71 39, 28; 40, 26 11,· scandalizare 46,18. .
41, 111 42, 22; 43, 0. 11. 13 bis. scandalum 26, 2, 27, 291 34, 19; 44, 4.
sacerdotalis reuerentia 40, 22. 111111 5, 101 89, 2.
sacerdotium 39, 14 ; 40, 24 ; 42, 22. 26. schisma 44, 41 cf. scism.
11111 lectio 87,16. 11111111 86,14; 88, 121 105, 4.
11111, orum 14,17. scilicet 41, 61 63, 61 77,11.
sacramentum 8, 71 71, 131 118, 31 sciresaepissimc, 117111211. 1718, 131
121,1;128,.2 · 9,26,1..1111.11113,14116131
111111111118,111.65,;3 82, 1711111118181 9,261
111111111111177,.7 1 10, 211 12 2011,1111116,1, 39, 71
sacrilegium 7, 25, 23, 2. 24; 30, 181 5271 1111111117, 17, 83‚;7 sciens
54, 23; 56, 17 conscientiam 5513.
sacrilegus 46, 26· 56, 3. 21. 1111111111110, 24· 22,10124,8126,2,’
1111111111 14,9.12122,181 35, 11 27, 27.
57, 101 78,11·, 88, 93 93, 221 95, 181 11111111 111111111111711 284 31, 281
11111 1111 83,1. 33, 2140, 10· 5041522311111111
1111111114,915,,222 12,22;16,7138,1218; 41],221-111111111111
3231 3631 41, 7, 45,6. 151 (11711111111111)12671111,11711
1121916111 63141 61, 22, 65, 17. 3,13;5,11;6,3.20;8,15; 12231
28, 689, 1, 3,211 74, 23· 13 24114,3.201-111111111111771111,
7, 5, 7 23127 111711104111,3.5124,5.11;25,191

77, 4. 19. 2571 0³ 9,
1, ,12Ο 10. 20, - cf. 11111111111, inscribtum, per-

2.
1

'1
7
1

81, 481 0 71 92, 7;

96, 27· 99, 6. 8. 1221 12 10. 11111111, rescribtum, superscribtiO,

sagax 109, 101 1106. suscribi-io.

saluere 28, 6, 60, 181 66, 61 77, 101 11111111127111143101-111111-
95,14197,;9 101115 1 2221 tum, 14717
102618.111111112871111,117115,61 14, 81

111111116112. 15, 5122111- scriptula 11 locis,

11111111·5,12128,5;49,4;83,3;- 1,545.l 1117170,,8.713,18,2Ι

2

01,

 

