206 Index

modus 57, 14. 18, 76, 27, 95, 25, 0001011049,21,66,15,101,6.

100, 9, 104, 4.
moecatio 19, 7.

00001 62, 18, 65, 25; 74, 13, 77, 25,
88, 5, 101, 25, uetus in 00100 49,
mola 00100110 46, 19. 4, 101,16, nesci hebere 53, 25.
10010011092,16. 1101101100 (00010 additur 10110110) 26,
moliri: intellegentiae opus moliens 22; 60, 2, 70, 14, 73, 5, 75, 15;
9515011012. 77, 24, 78, 3. 13, 82, 17, 83, 13,
01011110 oliuo leniori 100,10. 87,19, 97, 24.
mollis: (oliuo molliore) 77,1. 001010 0000100110, 00111183, 12, 21,
momentum: post momentum 54, 20. 18,18, 27, 28, 29, 2, 45,6; 52, 8.
0100010 51, 13; 64, 21. 10,ω60,3,71,24,75,5,1001318.
monile 134,15. 22; 101, 26, 104, 22, Oros. 15312.
1000011010 23,14, 28,12, 49, 7. 9, naturalis 97, 5.
62,10, 70, 17, 75, 21, 86, 14, naturaliter 5413.
90, 3, 101, 23. naufragio uelut fine periclitari 57, 12.
monuoerus 11,17. .. naufragi 01110 23,10.
monumentum 52, 3. ne 35, 9. 23, 41, 6. 18, 43, 2. 12, 49,
mori54,20.22;71,2;(inoruoemChristi) 7.l5; 56‚7; 58,l2;77,5; 84,7, 101,
73, 16, 74, 14, morientum 60, 7. 12, 104, 19, 0011000 61,7;-01000.
mors4,10;5,24;[15,13];60,7;74,26; neo (01 0111000001. 01 01110 censore.
8310, 93,12. usurp.) saepissioae, 00101 23, 23,
0101000, us, 15, 24. 46, 23, 48, 14. 15. 18, 50, 8, 56, 2,
mortalis 48, 14, 57, 9, 61, 11, 62,12; 000 00101 18, 22, 42, 8, 46, 25,
71, 20, 92, 5, 97, 28. 75, 12, 79, 16, 000 ideo 56, 15,
010012,22,<15,13>,35,26,39.11,42,13. 000 100100 41, 12; 151,11; 00οω
100100, ns 76, 12, 92, 6, 113, 9. 11004218, 72, 1,’102, 5sqq.; neo
monere alqm 34, 9. 0011101039, 1220, 000210ᾳαὶ000
mugitus, 00 Oros. 154, 18. 7, 12 ; 35, 1901, 000 -- 110, 0011. 011
multifarie 00 multifariae corr. 28, 11. 61,7; 000 = 11010126, 1516, 36,
multiformis 58,11, 103, 3, 116,10. 1. 3, 64, 15, 85, 6, 01 w non ω
multimodus 23, 5, 60, 1, 128, 16. 00081, 7, 01 m nee *nee 83, 16,
multiplex 34, 16. 011 neque 0011. 56, 6, - neque 29,
multiuolus 24, 8. 13. 14 0011100100, 30,18101;31,19,

multus: multi 01 his 40, 24:
mulus 8,11.
mundare domum 80, 8.

59,2 , 60, 7, 93,17. 18, 104, 6. 7801.

necessario 40, 30, 51,15; 53, 18, 73,

11, 76, 26, 78, 7, 82, 9, 84, 23,

mundialis 14,9 , 30, 14, 76, 12 , 83, 14. 93, 15, 100, 1 , neccessario 58, 9.
mundus saepissime, 110111, 16, 13, 0000000111ιο 35, 5; 70, 1, 92, 15, neo-
45, 6; 47,24; 58, 15, 63, ll. 18. 27; cessarius 70, 5.
651826, νν81, 3, 92,,10, 98,4, 0000000 001 c. 00111. 64, 19, 76, 13,

102, 3. 8, Oros. 156, 8.

0. 000. 0111111072, 4; 010015111.

munus 48, 8; 92, 9, ,100, 17 , 10011 0000001100 34, 7, 35, 19 , 110, 3, neo·

muneris deus 76, 21 et 9212.

cessitas 43, 6, 61,10.

muscipula 48,1, 73, 8, es. 1100110011, 00000 (000. negne) 51,10.

1101 1101341218.
mutatio 10,l ,87, 3.
mutus 105, 5.

myritis lapis 24, 23, 01111011. f. 101.

Lem. HI, 327.

nefarius 24, 7, 0011010011. 00101100

23, 3.

00100 23, 24, 27, 11 , 30, 16, 38, 8,

43, 12.

negare 22, 1. 5; 29, 7, 30, 16, 54, 5,

mysterium 8, 2. 8, 52, 10, 56, 23; 55, 9, - 000 negare 31, 13, 51,
71,13, 7817, 79,18; 84, 24, of. 15, 55, 11, 66, 7, 98, 24, 105, 6.

0110101011001.

neglegens Oros. 154, 9.
00010 13, 20, 17, 25, 24, 10, 27, 10,

1101021,7,34,19;41,21,43,7,48,1,49,8, 35, 1317101. 18, 39, 20, 41, 1,
52, 5, 56, 12, 77, 17, 83, 12, 99, 22. 42, 20, 43, 4, 00100 nostrum 35,

't

 

