uerborum 66 locutionum. ,

28, 5, 33, 10, 36, 4, 38,6,46,10, lapis 24,12, 79,15. >
47, 26, 50, 14; 51, 2461, 91, 11, - 166616 22, 18.
id quidquid 27, 11, amendat 74,19, latina 1166616 26, 4.
110, 9, 111, 3, 66 quod ef. quod; 1661116 eloqui 6,16.
- ef. idest. 16616 74, 20.
1666 7, 4, 9, 17, 40,11.25,47,10.19, lanearum 5, 1, 34, 20.
48, 7, 49, 26; 74, 24, Oros. 155,19. laus 44, 15.
166 4, 9, 21, 1. 9, 23, 2, 34, 18, 36, 13; 161616 111 alqd 58, 9, 94, 24.
43,4; 62,5; 70,18, 72,5,82,12. 166 = 1666116 9, 6.
15, 8316, 100,14, 102,17. 166616 16666 65, 2, 67,12, 72, 21, 80,
1666166616 essee.lecepes.;-reasqaam 517, 87,16, 89, 5.
ι 2901119246, 27,26,45,22,86,11. legere saepissime, uelat: 5, 6; 7, 26,
1611111314, 19, 8, 50, 23. 26; 51, l. 9, 16. 17, 10, 24, 14, 13, 18, 2,
34, 67,1;631111. 22, 8, 24, 3. 10, 26, 3, 28, 25,
itemque 49, 7. 35, 2, in 6111662324, non legentes
iter 3, 4, 4,19, 6, 2, 20, 18, 32, 6, (11661166 Moyse 38,10, 1666166616
33, 1, 34, 3, 37, 18, 54,18, 61,1.6, legere 48, 7, (ep , 49, 23).
71, 15, 77,1,,8,5,8, 91,10, 100, 10 ; lenire (661111. carrd eiius 1116111616 77,1.
101,23. 9611.16111611648,11, 16616116 lenis: 16111611 (661 11. 6611.) 6111611161-
101, 8 66 101,19. 116116 100, 10,
iterum 5,16; 6, 23, 11, 21, 22, 3, 166 26, 13.
36, 20, 57,8, 94, 16, 96, 16,97, 21. 161 55,23; 71, 14, 72, 8, 73, 11, 77,2,
iubere absol. 4, 2, 6. inf. 78, 4, iubere 78, 12, 81, 5, 83, 3, 86,14, 98, 23,
ι116 78, 27, 6. dal. 134,1. 100, 23.
iudex 35,13, 41, 6, 70,17, 83, 10. libellus 389, 3512, 38, 7, 39, 26,
1111116616 16,19, (1161611111) 19, 5, (de) 41, 19.
37, 5, 41,15. 19, 63, 19. ’ 111161,11111139,11,αά43,14,46,2.3.22,
1161611111 2218. 19,41,12.17,46,11, 47, 13, 48, 13, 50, 12. 18, 51, 22.
55, 211 816211 81, 6· . 23; 52,3. 16, 55, 13, 111161 doetrinae
iumenta 71,12. caelestis 81, 9.
iungere 47, 2, 54, 7, 63, 4, 87, 3. 111161 ab alqa 16 60, 16, 8316, 9211,
ius 51, 27. 1111616 fides 3, 4, 1111616 66111661 in
116638ἷέ1611661ἑὲ623ἑ5,23, dinin. 111611- ἓ11111661ᾆ811ἕ11111116 nex 97, 9, 111161
11111 , . 661 , .
iussio 61, 7, 104, 19. 21. 26. 11661616 633, 94, 1.
1166166616 13, 22 , 70,12. 1111616 32, 16.
11611616 88,14. 1111611 36, 2.
iustus 27, 10, 41, 15, 46, 712), 85, 16. libertas 55, 14, 75, 1, 7310, 88, 14.·
iuuenalis = 1666111116 129, 2. libet exclamare 52, 25, clamare 55,1
iuxta = sacrandam 35, 23, 85, 10, et 97, 8.
109, 7. 9, 124, 12, 0166. 156, 12. libide 29, 5.
116616 30, 17, 52, 25.
Labi 62, 9. 11666 6. 6666. 4, 3, 6, 11, 34, 8, 3513,
labium 11, 23. 42, 21, 4916, 69, 9, 80, 25, 86, 4,
1611615123, 53, 6, 8614, 90,18. - sapientia saeculari 11666 adhue
laborare 111 opus Christi 64,15, 11166 11111611661161116(6[.Ρ116“16111.11)14,10.
66,7,11687,6; 1111111616 66116- ligare (ex legare 6611.) 46, 19, cf.
116666 102, 4. obligare.
laetitia 72, 22. lignum 79,15.
laiei 40, 5. 20 , pest professionem pe· liminaria 79, 14. 21.
6111161166 sacerdotium 40, 24, - limus 19, 24; 21,1, 65, 20, 73, 5,
42, 21. 23, 135, 8. 98, 15.
lampas 24, 25. lingua 26, 6, 27, 17 , 54,14.
languescere 90, 6. linteamen 19, 9.

lapideus 24, 11. 116661626,4.8,1166616640,2,43,1 dr

 

